1.6737944 1.2136748 0.725692
-0.2571739 -0.28993514 -0.25642395
-0.06445443 -0.047039166 -0.02859852
0.21337035 0.2165391 0.21157227
-0.017127393 -0.038122863 -0.052547876
0.1683165 0.1735838 0.1347522
0.039491273 0.032476097 -0.010872188
-0.05195799 -0.055923373 -0.062367197
-0.05700204 -0.006855487 0.0162601
-0.23636949 -0.1899836 -0.14052783
0.08137644 0.08851624 0.102563046
-0.0770938 -0.050389864 -0.011855156
0.007322812 0.0011715457 0.014446864
0.017039984 0.026532935 0.03987007
0.03479574 -0.0056311437 -0.032795288
-0.01453504 -2.1287288E-4 0.016344037
