1.6737944 1.2136748 0.725692
-0.2571739 -0.28993514 -0.25642395
-0.06445443 -0.047039166 -0.02859852
0.21337035 0.2165391 0.21157227
-0.017127393 -0.038122863 -0.052547876
0.1683165 0.1735838 0.1347522
0.039491273 0.032476097 -0.010872188
-0.05195799 -0.055923373 -0.062367197
-0.05700204 -0.006855487 0.0162601
-0.23636949 -0.1899836 -0.14052783
0.08137644 0.08851624 0.102563046
-0.0770938 -0.050389864 -0.011855156
0.007322812 0.0011715457 0.014446864
0.017039984 0.026532935 0.03987007
0.03479574 -0.0056311437 -0.032795288
-0.01453504 -2.1287288E-4 0.016344037
-0.033186026 -0.032900326 -0.033186015
-0.053366903 -0.044289272 -0.0078656515
0.0015611965 -0.011252039 -0.03098055
0.06650825 0.03668451 -0.0046841153
-0.12818646 -0.10383843 -0.05680004
0.04565095 0.039259274 0.03698755
-0.016506802 -0.0033905143 0.035220947
0.049113534 0.055754233 0.06771738
-0.030099086 -0.015821438 -0.0029047593
0.033764027 0.036769994 0.03488922
-0.0017511157 -0.017078722 -0.020949109
-0.115758814 -0.0954962 -0.07695611
-0.026386669 -0.026718155 -0.02724335
0.03135535 0.03280675 0.03918849
-0.005916902 -0.014271787 -0.025674695
-0.010563088 -0.009992046 -0.0060978867
0.09558974 0.09009 0.057881735
-0.023953183 -0.025604881 -0.029556561
-0.013169258 -7.4078876E-4 0.02103138
-0.02887843 -0.025307221 -0.018029382
0.00929259 0.005851575 0.0018053603
0.009445724 0.0068654716 8.276179E-4
-0.009801951 -0.0076326844 -0.0013112488
-0.0565978 -0.0639323 -0.04309179
0.00672215 0.008489444 0.007796669
-0.0024019508 -0.004600664 0.0023944108
0.006195578 -0.007963935 -0.014389688
-0.021752184 -0.022261929 -0.02317181
-0.022103535 -0.014297501 0.002576016
-0.008624771 -0.0092965495 -0.005738554
-0.017655166 -0.002660268 -0.007793658
0.029794237 0.029554384 0.028616175
0.07956781 0.082392 0.0782462
0.018921487 0.013842112 0.003231109
-0.013473067 -0.025991697 -0.030435652
-0.003930954 0.0053281644 0.011705743
-0.017642135 -0.016063515 -0.017011356
-0.022594392 -0.007577478 -0.015234803
0.035298143 0.033720147 0.029711276
0.008973761 0.016836777 0.012455414
-0.044579174 -0.037723146 -0.033978302
-0.012460043 -0.015168621 -0.017799547
0.0029952875 0.008834648 0.005055071
0.040168554 0.036665678 0.030770255
-0.019492488 -0.010490385 0.011399446
-0.015106919 -0.008677551 0.003158043
0.046464194 0.058940113 0.059124075
0.038131088 0.040782835 0.03803923
0.026149495 0.023670066 0.021118894
-0.017286183 -0.01749147 -0.02406664
-0.0024387066 0.007819183 0.010862614
0.009198872 0.007932699 -0.0029318435
-0.012146606 -0.016131869 -0.012161677
-0.013450986 -0.018139021 -0.008238944
-0.010442406 -0.0052073426 4.4081008E-4
-0.017355468 -0.01884457 -0.0062328344
0.12620157 0.09573882 0.05269827
0.024991315 0.03562252 0.039892036
0.002827665 -0.018651305 -0.041770272
-0.030761853 -0.027880248 -0.016757546
0.092178926 0.07131666 0.035768725
0.015458801 0.015805475 0.0101402
0.025301008 0.0216152 0.02100387
0.013780456 0.016101215 0.014161708
0.09412908 0.07562421 0.04557305
-0.023741266 -0.017235419 -0.010382687
0.011602747 0.014046215 0.018466344
0.043758884 0.046485603 0.037853807
0.010422189 0.01318568 0.01703084
-0.010117465 -0.0127315475 -0.0036837268
0.02105553 0.025531512 0.021421902
0.014029793 0.019918868 0.025860934
-0.022379493 -0.028520565 -0.03234923
0.017111143 0.0076497416 -0.0017099959
-9.6782635E-4 -0.0037937977 -0.0015682803
0.026227115 0.021202255 0.015303418
-0.023147153 -0.008769078 0.021448102
-0.0017534136 5.7995436E-4 0.0032074845
-0.03541239 -0.027005617 -0.009273832
-0.008606073 -0.010431886 -0.008204166
0.0071429554 0.0061803404 -0.0067725666
0.023943102 0.01599514 0.01044033
-0.031588696 -0.03392424 -0.03749007
0.024083558 0.025849262 0.024090437
-0.0041436856 -0.0023919742 -0.0016933366
0.024266722 0.026193816 0.026118072
0.007321643 0.0054226206 0.0028420403
0.036338676 0.042987958 0.043400936
-0.0061464505 -0.0069669206 -0.008406253
0.004683813 0.01793379 0.02144093
0.008010337 0.0022612216 -0.0052045565
0.008033331 7.811442E-4 -0.016485088
0.0037397118 -0.004164117 -0.00554131
0.011196283 0.005531549 -0.001082697
0.009183582 0.014096141 0.0064976146
0.023158263 0.0154319415 0.0040442282
0.035345804 0.03957919 0.034039903
-0.009920493 -0.014843063 -0.02204926
0.07138856 0.06785633 0.057287417
0.0012896196 0.0010523957 -0.0012009783
0.0084105935 0.0071062553 0.012490495
-0.009237187 -0.005271714 0.002666757
0.05558435 0.041291352 0.028555678
0.0094789695 0.017479649 0.016899856
0.022994706 0.019618262 0.013952026
0.007894099 0.014506307 0.021013783
-0.015352781 -0.010509591 -0.0059461896
-0.015462391 -0.018294457 -0.017942589
0.020689758 0.018652845 0.013581983
0.0027083685 -0.0012339712 -0.009809698
-0.015908308 -0.018742705 -0.017994612
-9.3292605E-5 -0.0047256164 -0.005882077
-0.009637867 -0.0032745565 0.0035024008
-0.05411545 -0.048228536 -0.029699715
0.01589333 0.015742565 0.017262887
-0.021548465 -0.019948104 -0.0071391454
-0.004837818 -0.012862813 -0.01900854
-0.025349826 -0.025417589 -0.023848884
-0.019011142 -0.018128151 -0.0143249575
-0.007593311 -0.0022537638 0.00526298
0.005244606 -0.0018711204 -0.017438827
-0.007176285 -0.007083365 -0.010047966
0.017366726 0.019802097 0.0126211
0.019339595 0.018057488 0.015094451
0.009110055 0.014017498 0.023195546
0.0032458594 -3.9003527E-4 -0.0029068114
0.033676494 0.024872938 0.020355996
-0.0016250457 -7.642951E-4 0.0012795312
-0.0154006705 -0.013657296 -0.011450949
-0.0076279417 -0.0063519496 -9.709588E-4
0.003204737 -0.0038294669 -0.0067359684
-0.018535707 -0.014419031 -0.0112853255
0.005614924 0.002382102 2.6209783E-4
0.01810004 0.008307607 -0.0016500313
0.006165992 0.0050838203 0.003007022
-0.018808046 -0.0017429806 0.012514623
0.011884928 0.00911442 0.002387049
0.023657536 0.03485381 0.032133464
-0.023925746 -0.0143416645 -0.005498667
-0.007402512 0.009307062 0.015973175
-0.022802684 -0.003338823 0.013821058
-0.02314511 -0.016457716 -0.00587379
-0.0534838 -0.039711993 -0.02469453
0.0112244 0.0109208 0.010750423
-0.03942548 -0.02701359 -0.008506867
0.0066587734 0.0073762205 0.010213027
0.0049355025 7.654031E-4 -0.0060299784
-0.0010831545 0.0015122454 3.1220753E-4
0.010507359 0.0130170435 0.0138703305
-0.002164413 3.2550044E-4 0.0017369275
-2.531922E-4 -0.008246833 -0.01406968
-0.0015568901 0.0017638304 0.0029121004
-0.009696857 -0.0025903848 0.009832363
-0.0010411291 -0.009045574 -0.018940466
-0.01275321 -0.014015998 -0.013165288
5.185594E-5 -0.010186223 -0.0127951205
0.0017554999 0.0014103894 2.0297433E-4
0.011391912 0.00958926 0.009347811
0.008267261 0.012350776 0.014022019
0.012143505 0.0062809205 -0.002428764
0.005183494 0.0066876733 0.002636368
0.009457982 -1.3813784E-4 -0.014413907
-0.015393313 -0.017096983 -0.009794633
-0.028992467 -0.027004411 -0.021750588
0.0031234962 7.3087163E-4 -0.005218268
-0.011332368 -0.009742471 -0.0025220106
0.015135887 0.007634916 -0.005736564
0.006372491 0.0032847342 -7.372599E-4
0.036894787 0.02936406 0.0149587495
0.011356093 0.006059187 0.0048486064
-0.017640043 -0.021489087 -0.026749646
-0.008410324 -0.007444667 -0.0075763105
0.011760111 0.011259365 0.011404453
-0.010136878 -0.0032912677 -2.3689834E-4
0.0021087842 0.0031502051 0.0040112725
-0.0024378942 2.1537866E-4 0.0012268604
-0.0072700903 -0.0071647298 -0.0069688796
-0.006548446 -0.0031021028 -8.0697343E-4
0.026806694 0.02685754 0.02765115
0.0072578005 0.0059338254 0.0055169277
0.011157969 0.010499664 0.00770887
-0.027102523 -0.028568605 -0.028400658
-0.010837133 -0.009549319 -0.0069908556
-0.016068676 -0.020932175 -0.023117634
0.009693403 0.007881964 0.0046742028
-0.017196808 -0.008984448 2.7790855E-5
0.0024738987 0.003138544 0.001940039
0.012706074 0.0031817213 -0.0066188285
-0.015053456 -0.0056393817 0.0058961296
-0.0078046257 -0.0074897264 -0.0014692035
-0.0026565664 -0.0020136936 -0.0052956524
-0.023829564 -0.021051237 -0.01592349
0.015493366 0.011512064 0.0072605624
0.004221946 0.014597898 0.023050511
0.013237514 0.007891085 0.0058858334
0.020861544 0.023431493 0.019729119
-0.016955918 -0.024647767 -0.025519542
-0.016134515 -0.014331083 -0.013271112
-0.01964541 -0.02179998 -0.019061957
-0.013283631 -0.013856471 -0.007264007
-0.023627717 -0.026185542 -0.027908199
-4.2452323E-4 -0.0064442223 -0.011348594
-0.009724792 -0.0034066716 8.371528E-4
-5.7275995E-4 -1.8237284E-4 0.0033901623
0.011852751 0.012913495 0.010667408
0.0053054066 0.005265031 0.0032721208
-0.028342146 -0.015577388 -0.0045350697
0.009093688 0.0066962168 0.007965387
-0.017153338 -0.01975035 -0.0211137
0.0138136875 0.014119502 0.013118411
0.006206101 0.004784793 0.0014192588
0.01891346 0.017602513 0.013092631
-0.0050197095 -0.0018784762 0.0019317425
-0.0057907905 -0.006071488 -0.00923014
0.0085596675 0.010542993 0.008599876
-0.004660293 0.0035566057 0.008677832
-0.006271766 -0.004314238 -0.0012613813
0.024476346 0.029210469 0.031367708
0.005337309 -0.0010793456 -0.006721334
0.02990379 0.027374728 0.016266663
-0.0033472087 -0.003533206 -0.003722646
-0.01163657 -0.0062939515 -0.0067110118
-0.01195561 -0.012249634 -0.010081956
-0.001503605 -0.0066639013 -0.016587766
-0.009344844 -0.0048722047 -0.0061612553
-0.004070845 -0.0042635356 -0.005339367
0.015533459 0.01942045 0.014094545
0.01110432 0.01015973 0.007797517
-0.029603964 -0.020150973 -0.010822208
-0.011185536 -0.010930322 -0.012797431
0.01816745 0.020707183 0.027075019
0.010327826 0.010091364 0.012929206
-0.008356276 -0.0075722174 -0.0044949073
-0.004695705 -0.005255269 -0.006387918
-0.012653268 -0.018552296 -0.020148763
-0.014115385 -0.008995101 -0.0022279697
-0.0032628253 -0.007255937 -0.010380039
0.0024633615 0.0028792275 0.0016874536
-0.010190276 -0.0077970596 -0.006652076
7.7879675E-5 -5.6744897E-4 3.0082668E-4
-0.005715697 -0.0071586934 -0.010412306
0.014327794 0.01117347 0.004170961
0.0032058742 0.0057304027 0.0052792616
0.030257484 0.03596792 0.036608916
-0.0045241737 -0.0014841066 -0.0016972753
0.023874182 0.023965796 0.020631671
-0.0072409157 -0.0032560301 0.0017014657
1.6692768E-4 0.0039602295 0.009283662
-0.008203468 -0.0083256 -0.011061846
-0.005411385 -0.0030633954 -0.003917883
-0.004130173 -0.005093815 -0.0020601538
-0.0070532598 -0.011355244 -0.008937036
0.002649402 9.685516E-4 0.0014767217
-0.0061507765 -0.0107013425 -0.008302196
-0.0037802774 -5.262613E-4 0.0032894472
0.0016204311 0.0037334992 0.008362366
0.017552521 0.011655015 0.0010419685
0.008609552 0.013014961 0.015422766
0.00168055 -0.0074634887 -0.017095167
-0.015707232 -0.020005414 -0.019333795
0.03378082 0.031666923 0.02485893
0.023926077 0.022987802 0.018714473
0.010296243 0.011355775 0.008562824
-0.011226179 -0.008628978 -0.0068386095
0.0010223627 0.00477574 0.013833228
0.0025633012 -9.637265E-5 0.0028934923
-0.0047930796 -0.010351719 -0.015062695
6.8849756E-4 -0.0022835769 -0.004236071
-0.007124228 -0.0075928136 -0.0072032707
0.009889133 0.006540926 0.0031701555
-0.016054789 -0.011736356 -0.007521292
0.0045693917 -0.002115776 -0.0050528278
0.02614691 0.018522015 0.011271728
0.0 0.0 0.0
-0.003395264 -0.004296566 -0.005144681
-0.0023793785 0.0024179686 0.0026616899
0.0053464244 0.0040417435 0.0034478582
0.008199312 0.012903453 0.014778657
-0.0042706407 -0.0048134467 -0.003322533
0.018004082 0.015189133 0.012679863
-0.00641599 -0.009719015 -0.011913966
-0.005774436 -0.0059879757 -0.008952511
0.00271737 0.0032999746 0.0040150965
-0.012270235 -0.0036363585 0.0049138116
0.0032323818 0.0020891528 9.271813E-4
0.018564116 0.01604173 0.010089573
-0.0037496109 0.0011932042 0.006434918
-0.006678805 1.1496177E-4 -1.2123652E-5
0.0079481 0.00518888 3.5161496E-4
-0.00753414 0.0014454128 0.001874501
0.0016522035 0.005274228 0.0097664315
-0.0024812638 -6.6525827E-4 9.6900866E-4
0.010812298 0.02374861 0.03660496
0.011071413 0.012008183 0.011453872
-0.02889407 -0.020426532 -0.0072445106
-0.0072796107 -0.00541441 -1.6395458E-4
0.0014496553 7.732332E-5 0.0029919895
0.009992052 0.0070437104 0.005552458
-0.0018312802 -0.0073457668 -0.014043638
-0.0048465594 -0.0046223397 -0.0068743704
0.01448229 0.008404933 0.00430356
1.8986484E-5 -0.0025876781 -0.0014933997
0.0070339367 0.009753229 0.01410389
0.0061924485 0.004990951 0.002224093
0.022912677 0.02228633 0.020589072
0.0031416493 4.5629012E-4 -8.874081E-6
0.0071274345 0.0037985311 1.8204005E-4
0.0 0.0 0.0
0.0 0.0 0.0
0.0 0.0 0.0
0.0 0.0 0.0
-0.0033454045 -0.0064199553 -0.008487844
0.004031975 0.0041369437 0.0038535483
-0.005096589 -0.009837333 -0.0121537885
-0.0076480317 -0.007553494 -0.008127493
-0.0040958696 -0.0091559775 -0.0140460385
0.0012018979 0.0022881036 0.0059176604
-0.0020677715 -0.0071335365 -0.0055019725
0.01691723 0.015057618 0.011866147
-8.095261E-4 -9.429474E-4 -0.0021165085
-0.007587948 -0.006440937 -0.0025509105
0.005856804 0.0063965605 0.0069870227
0.0012396148 -0.0036042142 -0.005889807
-0.01502375 -0.014985182 -0.016779937
0.0012841156 0.0033629246 0.0023338182
-0.0016618408 0.0014075855 0.0041421
-0.0043289014 -0.0072185565 -0.012078754
0.0034233183 -0.001086747 -0.005721532
-0.004566733 -0.0062927552 -0.009640642
-0.0053878673 -0.005424627 -0.0048036603
-0.01724607 -0.014160024 -0.012545875
-0.0034539702 -0.0023360422 -0.0016918203
-0.003237979 -0.0093639605 -0.012698588
0.0093548335 0.006217733 0.0023895728
0.0018221211 -0.0033489892 -0.0058368216
-0.0048530735 -0.0012382162 0.0016012681
0.0114530185 0.009004472 0.002048411
-0.008736286 -0.007274512 -0.008449303
0.007975688 0.008218664 0.010295807
0.0013019132 0.0019580733 0.0037438313
0.0041979426 0.0022240018 0.0013047559
-0.0018892413 -0.0038210999 -0.0044442792
0.0 0.0 0.0
0.0 0.0 0.0
0.0 0.0 0.0
0.0 0.0 0.0
0.0 0.0 0.0
0.0 0.0 0.0
0.0 0.0 0.0
0.0 0.0 0.0
0.0051968084 0.0052902848 0.004773101
0.0026714813 0.0011150521 -0.0019689782
-0.0018079509 -0.001346369 0.0010945828
-0.0024775073 -9.843104E-4 0.0015154149
0.00731446 0.010024586 0.0076424265
0.01330963 0.008894119 0.0030907511
-0.004078395 -0.002317292 0.0023358515
-0.011120268 -0.009199438 -0.0034663798
0.0065446934 0.0038950432 0.0032785516
0.0059517305 0.0073984456 0.009963447
-0.0113296015 -0.00931697 -0.009013535
-0.011163613 -0.001101536 0.009223411
-0.0010110887 0.0031111597 0.008138044
-0.005417606 0.0075016157 0.019596957
-0.0057761837 -0.009163965 -0.0037721803
-0.0070824604 -0.0069105704 -0.0048902365
0.0047391416 0.0026009798 0.0041992995
-0.0034748793 -0.004096106 -0.005209524
-0.0082369065 -0.011507782 -0.012786959
-0.0060641076 -0.0052834055 -0.0046878005
0.019686613 0.01580824 0.012855265
0.002972366 0.0019518109 -2.72999E-4
-0.0019086994 -0.0031770107 -0.006698481
0.005200228 0.005303728 0.0048382375
-0.0043540676 -5.2149314E-4 0.005245437
0.0011519633 3.270888E-4 0.0027266608
-0.0139727965 -0.012043492 -0.012338589
-3.9740102E-4 0.0010525914 7.819903E-4
-0.003163834 -0.0038406586 -0.006858344
0.0 0.0 0.0
0.0 0.0 0.0
0.0 0.0 0.0
0.0 0.0 0.0
0.0 0.0 0.0
